65
10 30555555
1000010 1000012 1000014 1000016 1000018 1000020 1000022 1000024 1000026 1000028
1000005 1000006 1000007 1000008 1000009 1000010 1000011 1000012 1000013 1000014
15 9999
1 10 19 39 59 11 31 51 89 21 61 80 430 81 99
1 20 30 50 39 79 99 11 59 89 69 50 119 910 139
15 9999
1 10 19 39 59 11 31 51 89 21 61 80 430 81 99
1 20 30 50 39 79 99 11 59 89 69 50 119 910 139
15 9999
1 10 19 39 59 11 31 51 89 21 61 80 430 81 99
1 20 30 50 39 79 99 11 59 89 69 50 119 910 139
15 9999
1 10 19 39 59 11 31 51 89 21 61 80 430 81 99
1 20 30 50 39 79 99 11 59 89 69 50 119 910 139
15 9999
1 10 19 39 59 11 31 51 89 21 61 80 430 81 99
1 20 30 50 39 79 99 11 59 89 69 50 119 910 139
15 9999
1 10 19 39 59 11 31 51 89 21 61 80 430 81 99
1 20 30 50 39 79 99 11 59 89 69 50 119 910 139
15 9999
1 10 19 39 59 11 31 51 89 21 61 80 430 81 99
1 20 30 50 39 79 99 11 59 89 69 50 119 910 139
15 9999
1 10 19 39 59 11 31 51 89 21 61 80 430 81 99
1 20 30 50 39 79 99 11 59 89 69 50 119 910 139
15 9999
1 10 19 39 59 11 31 51 89 21 61 80 430 81 99
1 20 30 50 39 79 99 11 59 89 69 50 119 910 139
15 9999
1 10 19 39 59 11 31 51 89 21 61 80 430 81 99
1 20 30 50 39 79 99 11 59 89 69 50 119 910 139
15 9999
1 10 19 39 59 11 31 51 89 21 61 80 430 81 99
1 20 30 50 39 79 99 11 59 89 69 50 119 910 139
15 9999
1 10 19 39 59 11 31 51 89 21 61 80 430 81 99
1 20 30 50 39 79 99 11 59 89 69 50 119 910 139
15 9999
1 10 19 39 59 11 31 51 89 21 61 80 430 81 99
1 20 30 50 39 79 99 11 59 89 69 50 119 910 139
15 9999
1 10 19 39 59 11 31 51 89 21 61 80 430 81 99
1 20 30 50 39 79 99 11 59 89 69 50 119 910 139
15 9999
1 10 19 39 59 11 31 51 89 21 61 80 430 81 99
1 20 30 50 39 79 99 11 59 89 69 50 119 910 139
15 9999
1 10 19 39 59 11 31 51 89 21 61 80 430 81 99
1 20 30 50 39 79 99 11 59 89 69 50 119 910 139
15 9999
1 10 19 39 59 11 31 51 89 21 61 80 430 81 99
1 20 30 50 39 79 99 11 59 89 69 50 119 910 139
15 9999
1 10 19 39 59 11 31 51 89 21 61 80 430 81 99
1 20 30 50 39 79 99 11 59 89 69 50 119 910 139
15 9999
1 10 19 39 59 11 31 51 89 21 61 80 430 81 99
1 20 30 50 39 79 99 11 59 89 69 50 119 910 139
15 9999
1 10 19 39 59 11 31 51 89 21 61 80 430 81 99
1 20 30 50 39 79 99 11 59 89 69 50 119 910 139
15 9999
1 10 19 39 59 11 31 51 89 21 61 80 430 81 99
1 20 30 50 39 79 99 11 59 89 69 50 119 910 139
15 9999
1 10 19 39 59 11 31 51 89 21 61 80 430 81 99
1 20 30 50 39 79 99 11 59 89 69 50 119 910 139
15 9999
1 10 19 39 59 11 31 51 89 21 61 80 430 81 99
1 20 30 50 39 79 99 11 59 89 69 50 119 910 139
15 9999
1 10 19 39 59 11 31 51 89 21 61 80 430 81 99
1 20 30 50 39 79 99 11 59 89 69 50 119 910 139
15 9999
1 10 19 39 59 11 31 51 89 21 61 80 430 81 99
1 20 30 50 39 79 99 11 59 89 69 50 119 910 139
15 9999
1 10 19 39 59 11 31 51 89 21 61 80 430 81 99
1 20 30 50 39 79 99 11 59 89 69 50 119 910 139
15 9999
1 10 19 39 59 11 31 51 89 21 61 80 430 81 99
1 20 30 50 39 79 99 11 59 89 69 50 119 910 139
15 9999
1 10 19 39 59 11 31 51 89 21 61 80 430 81 99
1 20 30 50 39 79 99 11 59 89 69 50 119 910 139
15 9999
1 10 19 39 59 11 31 51 89 21 61 80 430 81 99
1 20 30 50 39 79 99 11 59 89 69 50 119 910 139
15 9999
1 10 19 39 59 11 31 51 89 21 61 80 430 81 99
1 20 30 50 39 79 99 11 59 89 69 50 119 910 139
15 9999
1 10 19 39 59 11 31 51 89 21 61 80 430 81 99
1 20 30 50 39 79 99 11 59 89 69 50 119 910 139
15 9999
1 10 19 39 59 11 31 51 89 21 61 80 430 81 99
1 20 30 50 39 79 99 11 59 89 69 50 119 910 139
15 9999
1 10 19 39 59 11 31 51 89 21 61 80 430 81 99
1 20 30 50 39 79 99 11 59 89 69 50 119 910 139
15 9999
1 10 19 39 59 11 31 51 89 21 61 80 430 81 99
1 20 30 50 39 79 99 11 59 89 69 50 119 910 139
15 9999
1 10 19 39 59 11 31 51 89 21 61 80 430 81 99
1 20 30 50 39 79 99 11 59 89 69 50 119 910 139
15 9999
1 10 19 39 59 11 31 51 89 21 61 80 430 81 99
1 20 30 50 39 79 99 11 59 89 69 50 119 910 139
15 9999
1 10 19 39 59 11 31 51 89 21 61 80 430 81 99
1 20 30 50 39 79 99 11 59 89 69 50 119 910 139
15 9999
1 10 19 39 59 11 31 51 89 21 61 80 430 81 99
1 20 30 50 39 79 99 11 59 89 69 50 119 910 139
15 9999
1 10 19 39 59 11 31 51 89 21 61 80 430 81 99
1 20 30 50 39 79 99 11 59 89 69 50 119 910 139
15 9999
1 10 19 39 59 11 31 51 89 21 61 80 430 81 99
1 20 30 50 39 79 99 11 59 89 69 50 119 910 139
15 9999
1 10 19 39 59 11 31 51 89 21 61 80 430 81 99
1 20 30 50 39 79 99 11 59 89 69 50 119 910 139
15 9999
1 10 19 39 59 11 31 51 89 21 61 80 430 81 99
1 20 30 50 39 79 99 11 59 89 69 50 119 910 139
15 9999
1 10 19 39 59 11 31 51 89 21 61 80 430 81 99
1 20 30 50 39 79 99 11 59 89 69 50 119 910 139
15 9999
1 10 19 39 59 11 31 51 89 21 61 80 430 81 99
1 20 30 50 39 79 99 11 59 89 69 50 119 910 139
15 9999
1 10 19 39 59 11 31 51 89 21 61 80 430 81 99
1 20 30 50 39 79 99 11 59 89 69 50 119 910 139
15 9999
1 10 19 39 59 11 31 51 89 21 61 80 430 81 99
1 20 30 50 39 79 99 11 59 89 69 50 119 910 139
15 9999
1 10 19 39 59 11 31 51 89 21 61 80 430 81 99
1 20 30 50 39 79 99 11 59 89 69 50 119 910 139
15 9999
1 10 19 39 59 11 31 51 89 21 61 80 430 81 99
1 20 30 50 39 79 99 11 59 89 69 50 119 910 139
15 9999
1 10 19 39 59 11 31 51 89 21 61 80 430 81 99
1 20 30 50 39 79 99 11 59 89 69 50 119 910 139
15 9999
1 10 19 39 59 11 31 51 89 21 61 80 430 81 99
1 20 30 50 39 79 99 11 59 89 69 50 119 910 139
15 9999
1 10 19 39 59 11 31 51 89 21 61 80 430 81 99
1 20 30 50 39 79 99 11 59 89 69 50 119 910 139
15 9999
1 10 19 39 59 11 31 51 89 21 61 80 430 81 99
1 20 30 50 39 79 99 11 59 89 69 50 119 910 139
15 9999
1 10 19 39 59 11 31 51 89 21 61 80 430 81 99
1 20 30 50 39 79 99 11 59 89 69 50 119 910 139
15 9999
1 10 19 39 59 11 31 51 89 21 61 80 430 81 99
1 20 30 50 39 79 99 11 59 89 69 50 119 910 139
15 9999
1 10 19 39 59 11 31 51 89 21 61 80 430 81 99
1 20 30 50 39 79 99 11 59 89 69 50 119 910 139
15 9999
1 10 19 39 59 11 31 51 89 21 61 80 430 81 99
1 20 30 50 39 79 99 11 59 89 69 50 119 910 139
15 9999
1 10 19 39 59 11 31 51 89 21 61 80 430 81 99
1 20 30 50 39 79 99 11 59 89 69 50 119 910 139
15 9999
1 10 19 39 59 11 31 51 89 21 61 80 430 81 99
1 20 30 50 39 79 99 11 59 89 69 50 119 910 139
15 9999
1 10 19 39 59 11 31 51 89 21 61 80 430 81 99
1 20 30 50 39 79 99 11 59 89 69 50 119 910 139
15 9999
1 10 19 39 59 11 31 51 89 21 61 80 430 81 99
1 20 30 50 39 79 99 11 59 89 69 50 119 910 139
15 9999
1 10 19 39 59 11 31 51 89 21 61 80 430 81 99
1 20 30 50 39 79 99 11 59 89 69 50 119 910 139
15 9999
1 10 19 39 59 11 31 51 89 21 61 80 430 81 99
1 20 30 50 39 79 99 11 59 89 69 50 119 910 139
15 9999
1 10 19 39 59 11 31 51 89 21 61 80 430 81 99
1 20 30 50 39 79 99 11 59 89 69 50 119 910 139
15 9999
1 10 19 39 59 11 31 51 89 21 61 80 430 81 99
1 20 30 50 39 79 99 11 59 89 69 50 119 910 139
15 9999
1 10 19 39 59 11 31 51 89 21 61 80 430 81 99
1 20 30 50 39 79 99 11 59 89 69 50 119 910 139
15 9999
1 10 19 39 59 11 31 51 89 21 61 80 430 81 99
1 20 30 50 39 79 99 11 59 89 69 50 119 910 139
15 9999
1 10 19 39 59 11 31 51 89 21 61 80 430 81 99
1 20 30 50 39 79 99 11 59 89 69 50 119 910 139
15 9999
1 10 19 39 59 11 31 51 89 21 61 80 430 81 99
1 20 30 50 39 79 99 11 59 89 69 50 119 910 139
15 9999
1 10 19 39 59 11 31 51 89 21 61 80 430 81 99
1 20 30 50 39 79 99 11 59 89 69 50 119 910 139
15 9999
1 10 19 39 59 11 31 51 89 21 61 80 430 81 99
1 20 30 50 39 79 99 11 59 89 69 50 119 910 139
15 9999
1 10 19 39 59 11 31 51 89 21 61 80 430 81 99
1 20 30 50 39 79 99 11 59 89 69 50 119 910 139
15 9999
1 10 19 39 59 11 31 51 89 21 61 80 430 81 99
1 20 30 50 39 79 99 11 59 89 69 50 119 910 139
15 9999
1 10 19 39 59 11 31 51 89 21 61 80 430 81 99
1 20 30 50 39 79 99 11 59 89 69 50 119 910 139
15 9999
1 10 19 39 59 11 31 51 89 21 61 80 430 81 99
1 20 30 50 39 79 99 11 59 89 69 50 119 910 139

